
Scores for generation 1:
     0     1     2     3     4     5     6     7     8     9    10    11    12    13    14    15    16    17    18    19    20
     1     0  1754  1254  1352  1740  1508  1508  1306  1462  1350   764   696   680   690   756   720   722   722   736   760
     2  1754     0  1268  1218  1694  1496  1496  1294  1450  1364   770   706   704   724   770   722   752   752   756   776
     3  1254  1268     0  1216  1282  1510  1510  1312  1464  1390   648   648   538   564   696   634   714   714   688   680
     4  1352  1218  1216     0  1238  1484  1484  1484  1438  1348   662   664   694   694   726   646   734   734   726   640
     5  1740  1694  1282  1238     0  1488  1488  1326  1442  1330   806   748   706   714   784   746   768   768   766   812
     6  1508  1496  1510  1484  1488     0  1920  1552  1874  1734   784   720   720   728   786   740   760   760   760   786
     7  1508  1496  1510  1484  1488  1920     0  1552  1874  1734   784   720   720   728   786   740   760   760   760   786
     8  1306  1294  1312  1484  1326  1552  1552     0  1506  1474   664   636   662   662   780   646   750   750   750   672
     9  1462  1450  1464  1438  1442  1874  1874  1506     0  1688   802   738   740   748   786   750   760   760   760   806
    10  1350  1364  1390  1348  1330  1734  1734  1474  1688     0   738   698   648   670   772   714   780   780   778   704
    11   764   770   648   662   806   784   784   664   802   738     0  1688   892   924  1252  1742  1282  1282  1340  1748
    12   696   706   648   664   748   720   720   636   738   698  1688     0   804   836  1146  1694  1230  1230  1262  1542
    13   680   704   538   694   706   720   720   662   740   648   892   804     0  1860   972   896   906   906   928   852
    14   690   724   564   694   714   728   728   662   748   670   924   836  1860     0   984   928   966   966   946   884
    15   756   770   696   726   784   786   786   780   786   772  1252  1146   972   984     0  1166  1458  1458  1472  1140
    16   720   722   634   646   746   740   740   646   750   714  1742  1694   896   928  1166     0  1216  1216  1248  1656
    17   722   752   714   734   768   760   760   750   760   780  1282  1230   906   966  1458  1216     0  1920  1828  1156
    18   722   752   714   734   768   760   760   750   760   780  1282  1230   906   966  1458  1216  1920     0  1828  1156
    19   736   756   688   726   766   760   760   750   760   778  1340  1262   928   946  1472  1248  1828  1828     0  1222
    20   760   776   680   640   812   786   786   672   806   704  1748  1542   852   884  1140  1656  1156  1156  1222     0

Predictions for generation 1:
Predicted labels: [1 1 1 1 1 1 1 1 1 1 2 2 2 2 2 2 2 2 2 2]
Missed 0 out of 20 predictions.

Scores for generation 2:
     0     1     2     3     4     5     6     7     8     9    10    11    12    13    14    15    16    17    18    19    20
     1     0  1708  1596  1498  1518  1060   914  1616  1128  1082   452   418   460   496   462   470   482   496   464   474
     2  1708     0  1514  1382  1408  1060   902  1474  1068  1048   376   366   436   416   416   396   404   410   362   450
     3  1596  1514     0  1582  1490  1064  1062  1714  1110  1056   440   440   504   496   468   444   462   476   460   530
     4  1498  1382  1582     0  1504   974   982  1596  1024   982   466   464   478   510   482   422   490   504   478   484
     5  1518  1408  1490  1504     0  1040   846  1562  1034  1020   420   398   422   430   398   454   414   428   440   428
     6  1060  1060  1064   974  1040     0  1114  1012  1618  1756   436   470   510   516   516   444   522   536   416   518
     7   914   902  1062   982   846  1114     0   928  1186  1232   428   402   528   524   514   470   510   490   388   510
     8  1616  1474  1714  1596  1562  1012   928     0  1056  1002   446   478   454   470   422   428   456   470   466   494
     9  1128  1068  1110  1024  1034  1618  1186  1056     0  1782   486   480   502   514   546   518   540   554   446   496
    10  1082  1048  1056   982  1020  1756  1232  1002  1782     0   492   506   470   504   556   486   542   556   452   480
    11   452   376   440   466   420   436   428   446   486   492     0  1782  1066  1576  1596   878  1564  1602  1814  1530
    12   418   366   440   464   398   470   402   478   480   506  1782     0  1026  1470  1498   838  1458  1504  1808  1444
    13   460   436   504   478   422   510   528   454   502   470  1066  1026     0  1098  1044   940  1052  1092  1064  1098
    14   496   416   496   510   430   516   524   470   514   504  1576  1470  1098     0  1676   838  1690  1736  1496  1834
    15   462   416   468   482   398   516   514   422   546   556  1596  1498  1044  1676     0   860  1814  1860  1524  1616
    16   470   396   444   422   454   444   470   428   518   486   878   838   940   838   860     0   838   852   838   838
    17   482   404   462   490   414   522   510   456   540   542  1564  1458  1052  1690  1814   838     0  1874  1484  1630
    18   496   410   476   504   428   536   490   470   554   556  1602  1504  1092  1736  1860   852  1874     0  1530  1676
    19   464   362   460   478   440   416   388   466   446   452  1814  1808  1064  1496  1524   838  1484  1530     0  1450
    20   474   450   530   484   428   518   510   494   496   480  1530  1444  1098  1834  1616   838  1630  1676  1450     0

Predictions for generation 2:
Predicted labels: [1 1 1 1 1 1 1 1 1 1 2 2 2 2 2 2 2 2 2 2]
Missed 0 out of 20 predictions.

Scores for generation 3:
     0     1     2     3     4     5     6     7     8     9    10    11    12    13    14    15    16    17    18    19    20
     1     0  1412  1728  1030   924  1036  1048  1418  1050   976   500   476   484   476   486   484   448   432   498   502
     2  1412     0  1498  1162  1084  1188  1164  1736  1194  1128   406   430   416   450   422   406   436   442   438   436
     3  1728  1498     0  1082   990  1098  1088  1504  1130  1068   506   474   480   476   492   486   450   448   506   516
     4  1030  1162  1082     0  1722  1874  1764  1162  1668  1748   480   476   478   510   510   510   482   466   518   450
     5   924  1084   990  1722     0  1728  1618  1062  1522  1602   504   446   502   488   490   510   452   456   504   478
     6  1036  1188  1098  1874  1728     0  1770  1188  1694  1754   466   456   458   484   486   486   462   440   494   440
     7  1048  1164  1088  1764  1618  1770     0  1164  1590  1644   462   458   460   492   488   474   468   442   468   434
     8  1418  1736  1504  1162  1062  1188  1164     0  1194  1102   376   432   390   416   402   416   416   422   422   410
     9  1050  1194  1130  1668  1522  1694  1590  1194     0  1594   468   490   472   476   484   484   478   470   504   472
    10   976  1128  1068  1748  1602  1754  1644  1102  1594     0   472   470   486   504   510   510   476   454   512   480
    11   500   406   506   480   504   466   462   376   468   472     0  1452  1822  1454  1682  1788  1398  1492  1730  1770
    12   476   430   474   476   446   456   458   432   490   470  1452     0  1420  1794  1458  1386  1788  1768  1418  1398
    13   484   416   480   478   502   458   460   390   472   486  1822  1420     0  1424  1722  1834  1366  1480  1776  1868
    14   476   450   476   510   488   484   492   416   476   504  1454  1794  1424     0  1464  1390  1662  1774  1424  1374
    15   486   422   492   510   490   486   488   402   484   510  1682  1458  1722  1464     0  1688  1396  1518  1762  1670
    16   484   406   486   510   510   486   474   416   484   510  1788  1386  1834  1390  1688     0  1332  1446  1802  1782
    17   448   436   450   482   452   462   468   416   478   476  1398  1788  1366  1662  1396  1332     0  1636  1364  1344
    18   432   442   448   466   456   440   442   422   470   454  1492  1768  1480  1774  1518  1446  1636     0  1478  1434
    19   498   438   506   518   504   494   468   422   504   512  1730  1418  1776  1424  1762  1802  1364  1478     0  1724
    20   502   436   516   450   478   440   434   410   472   480  1770  1398  1868  1374  1670  1782  1344  1434  1724     0

Predictions for generation 3:
Predicted labels: [1 1 1 1 1 1 1 1 1 1 2 2 2 2 2 2 2 2 2 2]
Missed 0 out of 20 predictions.

Scores for generation 4:

     0     1     2     3     4     5     6     7     8     9    10    11    12    13    14    15    16    17    18    19    20
     1     0  1722  1716  1696  1590  1920  1518  1590  1676  1544   474   432   432   564   494   412   434   464   440   434
     2  1722     0  1894  1854  1656  1722  1550  1636  1874  1562   504   480   480   568   530   460   478   510   484   478
     3  1716  1894     0  1848  1650  1716  1544  1630  1848  1556   530   482   482   562   556   462   492   536   498   492
     4  1696  1854  1848     0  1630  1696  1524  1610  1808  1536   510   482   482   588   536   462   492   496   498   492
     5  1590  1656  1650  1630     0  1590  1458  1558  1610  1496   502   448   448   526   516   428   448   518   454   448
     6  1920  1722  1716  1696  1590     0  1518  1590  1676  1544   474   432   432   564   494   412   434   464   440   434
     7  1518  1550  1544  1524  1458  1518     0  1664  1504  1624   456   412   412   540   462   392   440   448   446   440
     8  1590  1636  1630  1610  1558  1590  1664     0  1590  1656   466   400   400   548   468   380   418   472   412   418
     9  1676  1874  1848  1808  1610  1676  1504  1590     0  1516   504   492   492   554   530   472   478   510   484   478
    10  1544  1562  1556  1536  1496  1544  1624  1656  1516     0   430   404   404   544   430   384   414   432   414   414
    11   474   504   530   510   502   474   456   466   504   430     0  1446  1446  1036  1814  1400  1274  1708  1314  1274
    12   432   480   482   482   448   432   412   400   492   404  1446     0  1920  1246  1470  1874  1578  1384  1618  1578
    13   432   480   482   482   448   432   412   400   492   404  1446  1920     0  1246  1470  1874  1578  1384  1618  1578
    14   564   568   562   588   526   564   540   548   554   544  1036  1246  1246     0   998  1200  1226   936  1220  1226
    15   494   530   556   536   516   494   462   468   530   430  1814  1470  1470   998     0  1424  1280  1682  1320  1280
    16   412   460   462   462   428   412   392   380   472   384  1400  1874  1874  1200  1424     0  1532  1338  1572  1532
    17   434   478   492   492   448   434   440   418   478   414  1274  1578  1578  1226  1280  1532     0  1182  1880  1920
    18   464   510   536   496   518   464   448   472   510   432  1708  1384  1384   936  1682  1338  1182     0  1222  1182
    19   440   484   498   498   454   440   446   412   484   414  1314  1618  1618  1220  1320  1572  1880  1222     0  1880
    20   434   478   492   492   448   434   440   418   478   414  1274  1578  1578  1226  1280  1532  1920  1182  1880     0

Predictions for generation 4:
Predicted labels: [1 1 1 1 1 1 1 1 1 1 2 2 2 2 2 2 2 2 2 2]
Missed 0 out of 20 predictions.

Scores for generation 5:
     0     1     2     3     4     5     6     7     8     9    10    11    12    13    14    15    16    17    18    19    20
     1     0  1330  1650  1768  1420  1298  1590  1616  1656  1658   510   496   484   490   520   510   516   516   524   500
     2  1330     0  1236  1308  1470  1404  1326  1352  1352  1466   444   522   454   464   526   524   532   460   468   488
     3  1650  1236     0  1802  1340  1242  1504  1570  1590  1592   522   502   494   508   522   512   532   530   522   522
     4  1768  1308  1802     0  1438  1302  1582  1668  1688  1690   510   496   490   482   538   510   516   516   516   504
     5  1420  1470  1340  1438     0  1656  1386  1518  1492  1606   476   498   466   470   544   522   534   498   460   484
     6  1298  1404  1242  1302  1656     0  1288  1392  1374  1454   496   502   466   500   524   542   542   510   488   504
     7  1590  1326  1504  1582  1386  1288     0  1602  1642  1664   488   464   428   462   524   452   484   456   490   490
     8  1616  1352  1570  1668  1518  1392  1602     0  1840  1710   500   518   480   500   580   520   520   500   536   532
     9  1656  1352  1590  1688  1492  1374  1642  1840     0  1750   466   492   454   446   554   514   546   486   496   492
    10  1658  1466  1592  1690  1606  1454  1664  1710  1750     0   514   510   440   494   526   476   496   480   492   526
    11   510   444   522   510   476   496   488   500   466   514     0  1052  1000  1650   986  1012   986  1104  1628  1618
    12   496   522   502   496   498   502   464   518   492   510  1052     0  1656  1094  1650  1602  1530  1774  1042  1044
    13   484   454   494   490   466   466   428   480   454   440  1000  1656     0  1010  1612  1598  1532  1722  1030  1012
    14   490   464   508   482   470   500   462   500   446   494  1650  1094  1010     0   996  1020   994  1106  1592  1600
    15   520   526   522   538   544   524   524   580   554   526   986  1650  1612   996     0  1556  1484  1696   978   980
    16   510   524   512   510   522   542   452   520   514   476  1012  1602  1598  1020  1556     0  1848  1682  1004  1032
    17   516   532   532   516   534   542   484   520   546   496   986  1530  1532   994  1484  1848     0  1610  1018  1006
    18   516   460   530   516   498   510   456   500   486   480  1104  1774  1722  1106  1696  1682  1610     0  1108  1110
    19   524   468   522   516   460   488   490   536   496   492  1628  1042  1030  1592   978  1004  1018  1108     0  1730
    20   500   488   522   504   484   504   490   532   492   526  1618  1044  1012  1600   980  1032  1006  1110  1730     0

Predictions for generation 5:
Predicted labels: [1 1 1 1 1 1 1 1 1 1 2 2 2 2 2 2 2 2 2 2]
Missed 0 out of 20 predictions.
